   14.0000000       1000.00000       0.00000000       0.00000000       11282920.0       0.00000000       5675718.00       0.00000000       1452288.50       3.78643308E-04
   13.0000000       1.25383782       0.00000000       0.00000000       1452288.50       0.00000000       7506.88232      -7502.53809       1438224.25       8.87563317E-07
   13.0000000       1.08644080       7506.88232      -7502.53809       1438224.25       8.87563317E-07   53098.4180      -361464.000       1278139.62       2.68728854E-05
   13.0000000       1.08644080       53098.4180      -361464.000       1278139.62       2.68728854E-05   73833.8203      -498093.125       1238267.12       3.64281368E-05
   10.0000000       32.7429390       0.00000000       0.00000000       1452288.50       0.00000000       116699.531      -734.309753       1255991.75       7.61840147E-06
   9.00000000       11.5786180       116699.531      -734.309753       1255991.75       7.61840147E-06   117492.820      -747.324646       1254703.62       7.66886660E-06
   7.00000000       1.75006378       0.00000000       0.00000000       1452288.50       0.00000000       4.70891277E-11  -1.53689301E-11   1452288.50       3.73355159E-21
   9.00000000       1.41977036       0.00000000       0.00000000       1452288.50       0.00000000       601.892212       124.584091       1450208.62       7.26929912E-08
   8.00000000      0.508505523       0.00000000       0.00000000       1452288.50       0.00000000       50.9884605      -62.8179207       1452151.25       5.52739232E-09
   7.00000000      0.970634580       0.00000000       0.00000000       1452288.50       0.00000000       1.25894521E-11  -1.84920586E-11   1452288.50       3.45162436E-21
   14.0000000       1.97873938       0.00000000       0.00000000       1452288.50       0.00000000       93216.0234      -145186.625       1137750.25       1.37940442E-05
   9.00000000      0.294283628       93216.0234      -145186.625       1137750.25       1.37940442E-05   94393.5312      -144833.828       1137272.38       1.38440364E-05
   14.0000000       1.24395764       93216.0234      -145186.625       1137750.25       1.37940442E-05   93699.2734      -186345.594       1086587.75       1.72874716E-05
   7.00000000      0.894678950       0.00000000       0.00000000       1452288.50       0.00000000       2.08067161E-10   1.22803920E-11   1452288.50       7.80051351E-21
   9.00000000       4.83302212       0.00000000       0.00000000       1452288.50       0.00000000       6217.53418      -148.105972       1441410.50       4.18142747E-07
   8.00000000       14.3505964       0.00000000       0.00000000       1452288.50       0.00000000       10844.6377       493.933746       1432429.12       7.54985194E-07
   9.00000000       14.1338100       0.00000000       0.00000000       1452288.50       0.00000000       113257.359      -4684.54004       1243143.12       7.93549862E-06
   12.0000000       30.5259037       0.00000000       0.00000000       1452288.50       0.00000000       9503.97070       233.889099       1435757.75       6.36172160E-07
   9.00000000       125.883484       0.00000000       0.00000000       1452288.50       0.00000000       80140.8281       372.492554       1313343.38       5.35039999E-06
   16.0000000       6.47573757       80140.8281       372.492554       1313343.38       5.35039999E-06   80156.9297       371.268951       1313316.88       5.35143863E-06
   8.00000000       3.35075188       80156.9297       371.268951       1313316.88       5.35143863E-06   102418.930       820.261292       1279344.62       6.70753116E-06
   9.00000000       3.12498569       80156.9297       371.268951       1313316.88       5.35143863E-06   82010.7344       12.5049648       1309990.38       5.47915579E-06
   9.00000000       3.12275743       82010.7344       12.5049648       1309990.38       5.47915579E-06   85487.5391      -514.496826       1303063.88       5.73852913E-06
   16.0000000       4.26468277       80140.8281       372.492554       1313343.38       5.35039999E-06   80141.4375       372.372467       1313342.38       5.35044001E-06
   8.00000000       1.44892132       80141.4375       372.372467       1313342.38       5.35044001E-06   86421.9297      -1838.63013       1304512.88       5.72104591E-06
   9.00000000       2.81576157       80141.4375       372.372467       1313342.38       5.35044001E-06   84217.0625      -43.0831985       1305688.38       5.64037600E-06
   10.0000000       34.8832932       80140.8281       372.492554       1313343.38       5.35039999E-06   87777.4844       588.282471       1300535.38       5.84790951E-06
   9.00000000       17.5942001       87777.4844       588.282471       1300535.38       5.84790951E-06   92423.7656       799.857544       1292872.88       6.14691271E-06
   7.00000000       3.70510173       80140.8281       372.492554       1313343.38       5.35039999E-06   80140.8281       372.492554       1313343.38       5.35039999E-06
   9.00000000       6.85961485       80140.8281       372.492554       1313343.38       5.35039999E-06   127829.766      -6133.30469       1222173.75       8.78997798E-06
   8.00000000       13.7464075       80140.8281       372.492554       1313343.38       5.35039999E-06   135535.516       4003.11328       1215762.00       9.09541905E-06
   7.00000000      0.222726449       765062.188       39839.4766       93466.1719       5.20403592E-05   765062.188       39839.4766       93466.1719       5.20403592E-05
   12.0000000       54.9220314       80140.8281       372.492554       1313343.38       5.35039999E-06   88150.2969       325.651672       1299189.50       5.89289675E-06
   8.00000000       153.487625       0.00000000       0.00000000       1452288.50       0.00000000       310459.906       1489.55127       915288.750       2.06905643E-05
   7.00000000      0.971787155       310459.906       1489.55127       915288.750       2.06905643E-05   310459.906       1489.55127       915288.750       2.06905643E-05
   13.0000000       1.24757385       310459.906       1489.55127       915288.750       2.06905643E-05   320540.938      -10435.1279       894209.062       2.20206402E-05
   7.00000000       17.6155567       310459.906       1489.55127       915288.750       2.06905643E-05   310459.906       1489.55127       915288.750       2.06905643E-05
   9.00000000       3.94457245       310459.906       1489.55127       915288.750       2.06905643E-05   357857.219       6216.90088       826559.500       2.40519275E-05
   7.00000000       1.00707412       310459.906       1489.55127       915288.750       2.06905643E-05   310459.906       1489.55127       915288.750       2.06905643E-05
   8.00000000       1.80018687       310459.906       1489.55127       915288.750       2.06905643E-05   311330.750       1491.19482       913748.312       2.07497687E-05
   8.00000000       26.4768715       310459.906       1489.55127       915288.750       2.06905643E-05   325123.562       1808.40771       889400.500       2.16830776E-05
   14.0000000       1.18335986       325123.562       1808.40771       889400.500       2.16830776E-05   329861.562      -2202.76074       847840.312       2.41372527E-05
   13.0000000       1.35828602       325123.562       1808.40771       889400.500       2.16830776E-05   327441.000       771.019836       888375.500       2.18095520E-05
   13.0000000       1.35828602       327441.000       771.019836       888375.500       2.18095520E-05   386402.406      -11858.3857       841454.812       2.53386279E-05
   13.0000000       1.35828602       386402.406      -11858.3857       841454.812       2.53386279E-05   483242.750      -15566.6582       743169.562       3.17141421E-05
   13.0000000       1.07233071       483242.750      -15566.6582       743169.562       3.17141421E-05   565552.875      -59640.3281       732829.750       3.82155049E-05
   13.0000000       1.07233071       565552.875      -59640.3281       732829.750       3.82155049E-05   670621.438      -121498.547       693346.562       4.70852792E-05
   13.0000000       1.61201108       325123.562       1808.40771       889400.500       2.16830776E-05   372427.281       2855.02612       872876.625       2.37404129E-05
   9.00000000      0.336701334       372427.281       2855.02612       872876.625       2.37404129E-05   373879.812       3570.70801       872764.188       2.37999357E-05
   14.0000000       1.04668188       372427.281       2855.02612       872876.625       2.37404129E-05   374404.281       2889.97705       872319.750       2.38969242E-05
   7.00000000      0.208535418       325123.562       1808.40771       889400.500       2.16830776E-05   325123.562       1808.40771       889400.500       2.16830776E-05
   7.00000000      0.643738329       325123.562       1808.40771       889400.500       2.16830776E-05   325123.562       1808.40771       889400.500       2.16830776E-05
   9.00000000      0.975920022       325123.562       1808.40771       889400.500       2.16830776E-05   326372.656       1470.41138       888408.062       2.17380421E-05
   8.00000000      0.321255386       325123.562       1808.40771       889400.500       2.16830776E-05   330313.375       2285.69116       880243.438       2.20746988E-05
   13.0000000       1.15347362       325123.562       1808.40771       889400.500       2.16830776E-05   312763.000       9288.60254       780614.750       2.79934266E-05
   8.00000000       1.23028755       325123.562       1808.40771       889400.500       2.16830776E-05   326924.062       2605.69971       885456.812       2.18310724E-05
   8.00000000       10.4745178       325123.562       1808.40771       889400.500       2.16830776E-05   326495.688       1776.83765       887087.125       2.17728120E-05
   8.00000000      0.825670004       325123.562       1808.40771       889400.500       2.16830776E-05   325493.250       2977.67090       887797.250       2.17513934E-05
   9.00000000      0.241742596       325123.562       1808.40771       889400.500       2.16830776E-05   325313.188       283.980530       889084.250       2.17472607E-05
   7.00000000      0.152906105       325123.562       1808.40771       889400.500       2.16830776E-05   325123.562       1808.40771       889400.500       2.16830776E-05
   9.00000000      0.921584964       325123.562       1808.40771       889400.500       2.16830776E-05   327466.750       1263.67468       886198.062       2.18182486E-05
   9.00000000      0.617870808       325123.562       1808.40771       889400.500       2.16830776E-05   331913.469       5114.05469       872231.000       2.23258212E-05
   7.00000000      0.317397118       325123.562       1808.40771       889400.500       2.16830776E-05   325123.562       1808.40771       889400.500       2.16830776E-05
   8.00000000       6.80485630       325123.562       1808.40771       889400.500       2.16830776E-05   334764.469       5011.52246       864800.125       2.25710646E-05
   7.00000000      0.642038286       325123.562       1808.40771       889400.500       2.16830776E-05   325123.562       1808.40771       889400.500       2.16830776E-05
   7.00000000       98.4725266       310459.906       1489.55127       915288.750       2.06905643E-05   310459.906       1489.55127       915288.750       2.06905643E-05
   7.00000000       1.63197172       511234.531       1147.18201       570620.188       3.39958533E-05   511234.531       1147.18201       570620.188       3.39958533E-05
   7.00000000      0.580887258       511234.531       1147.18201       570620.188       3.39958533E-05   511234.531       1147.18201       570620.188       3.39958533E-05
   9.00000000       140.277863       0.00000000       0.00000000       1452288.50       0.00000000       111038.664       600.412659       1260132.62       7.40285850E-06
   8.00000000       209.578049       0.00000000       0.00000000       1452288.50       0.00000000       337.892151     -0.303571969       1451703.50       2.25356196E-08
   9.00000000       5.97897339       0.00000000       0.00000000       1452288.50       0.00000000       12984.9033       475.170624       1431967.00       8.04790545E-07
   8.00000000       59.6020775       0.00000000       0.00000000       1452288.50       0.00000000       26671.6250       259.889435       1406249.38       1.77481877E-06
   8.00000000       5.26287222       26671.6250       259.889435       1406249.38       1.77481877E-06   54806.5508       14105.5117       1383759.25       3.06245124E-06
   13.0000000       1.17720532       54806.5508       14105.5117       1383759.25       3.06245124E-06   135844.078       46981.5000       1335943.38       8.58071962E-06
   8.00000000      0.265431911       54806.5508       14105.5117       1383759.25       3.06245124E-06   56408.8555       15419.9463       1380495.00       3.21428433E-06
   13.0000000       1.55974662       54806.5508       14105.5117       1383759.25       3.06245124E-06   52978.2617       143042.609       1228171.12       1.15071498E-05
   7.00000000      0.231345892       52978.2617       143042.609       1228171.12       1.15071498E-05   52978.2617       143042.609       1228171.12       1.15071498E-05
   8.00000000      0.590845942       54806.5508       14105.5117       1383759.25       3.06245124E-06   55164.5898       14191.5029       1383757.25       3.07509163E-06
   7.00000000      0.354441702       54806.5508       14105.5117       1383759.25       3.06245124E-06   54806.5508       14105.5117       1383759.25       3.06245124E-06
   9.00000000      0.657795310       54806.5508       14105.5117       1383759.25       3.06245124E-06   54859.6406       14189.1709       1383661.50       3.06720153E-06
   8.00000000       2.19419193       54806.5508       14105.5117       1383759.25       3.06245124E-06   65007.1406       15064.0020       1379908.88       3.42828343E-06
   8.00000000       8.79391766       26671.6250       259.889435       1406249.38       1.77481877E-06   31800.0059      -361.427124       1396000.88       2.15769001E-06
   25.0000000       17.1680126       26671.6250       259.889435       1406249.38       1.77481877E-06   56637.5625       312.951813       1354283.38       3.77876677E-06
   8.00000000       1.22538459       56637.5625       312.951813       1354283.38       3.77876677E-06   60596.5586      -1789.97083       1350168.25       3.98308066E-06
   9.00000000      0.379263699       56637.5625       312.951813       1354283.38       3.77876677E-06   57097.2266       405.205597       1353332.12       3.81681593E-06
   9.00000000      0.291378886       56637.5625       312.951813       1354283.38       3.77876677E-06   58025.3281       946.228699       1351481.88       3.90007517E-06
   8.00000000      0.377203196       56637.5625       312.951813       1354283.38       3.77876677E-06   56833.3906       2609.06860       1347720.25       4.02868682E-06
   7.00000000       1.37433147       56637.5625       312.951813       1354283.38       3.77876677E-06   56637.5625       312.951813       1354283.38       3.77876677E-06
   25.0000000       13.1122341       56637.5625       312.951813       1354283.38       3.77876677E-06   113964.258       607.138672       1253531.38       7.65540062E-06
   9.00000000      0.271046072       113964.258       607.138672       1253531.38       7.65540062E-06   113777.062       1018.12585       1253283.12       7.67545771E-06
   8.00000000      0.725289404       113964.258       607.138672       1253531.38       7.65540062E-06   116709.477       677.534180       1249198.88       7.82977258E-06
   25.0000000       11.1874819       113964.258       607.138672       1253531.38       7.65540062E-06   168060.969       6576.45752       1162607.25       1.12026555E-05
   8.00000000      0.529881060       168060.969       6576.45752       1162607.25       1.12026555E-05   170868.406       6566.42188       1161560.62       1.13062697E-05
   8.00000000      0.267392457       168060.969       6576.45752       1162607.25       1.12026555E-05   166859.703       6496.96191       1162406.62       1.12504122E-05
   7.00000000      0.837291241       168060.969       6576.45752       1162607.25       1.12026555E-05   168060.969       6576.45752       1162607.25       1.12026555E-05
   8.00000000       1.30196095       168060.969       6576.45752       1162607.25       1.12026555E-05   171015.906       6385.90771       1159043.38       1.13581091E-05
   7.00000000      0.190585315       168060.969       6576.45752       1162607.25       1.12026555E-05   168060.969       6576.45752       1162607.25       1.12026555E-05
   8.00000000       1.04699874       168060.969       6576.45752       1162607.25       1.12026555E-05   169262.000       7081.67480       1158228.12       1.13564338E-05
   7.00000000      0.612531483       168060.969       6576.45752       1162607.25       1.12026555E-05   168060.969       6576.45752       1162607.25       1.12026555E-05
   7.00000000      0.533763230       168060.969       6576.45752       1162607.25       1.12026555E-05   168060.969       6576.45752       1162607.25       1.12026555E-05
   13.0000000       1.61173236       168060.969       6576.45752       1162607.25       1.12026555E-05   186585.031       13117.7500       1124875.12       1.29490800E-05
   13.0000000       1.61173236       186585.031       13117.7500       1124875.12       1.29490800E-05   243970.906      -18247.0430       951079.938       2.05724500E-05
   13.0000000       1.61173236       243970.906      -18247.0430       951079.938       2.05724500E-05   244361.031      -18448.0664       950103.562       2.06163986E-05
   13.0000000       1.61173236       244361.031      -18448.0664       950103.562       2.06163986E-05   267471.875      -33077.2891       899696.750       2.29708130E-05
   13.0000000       1.61173236       267471.875      -33077.2891       899696.750       2.29708130E-05   278162.438      -41313.3594       880046.812       2.39494457E-05
   13.0000000       1.61173236       278162.438      -41313.3594       880046.812       2.39494457E-05   344181.656      -106396.766       762231.625       3.01040636E-05
   13.0000000       1.61173236       344181.656      -106396.766       762231.625       3.01040636E-05   453592.062      -251953.516       472398.750       4.41562406E-05
   13.0000000       1.61173236       453592.062      -251953.516       472398.750       4.41562406E-05   465856.500      -264785.156       449178.719       4.53561333E-05
   7.00000000      0.263401210       465856.500      -264785.156       449178.719       4.53561333E-05   465856.500      -264785.156       449178.719       4.53561333E-05
   13.0000000       1.07146358       465856.500      -264785.156       449178.719       4.53561333E-05   466918.250      -266005.750       447332.156       4.55264999E-05
   13.0000000       1.07146358       466918.250      -266005.750       447332.156       4.55264999E-05   486157.281      -291414.875       415817.438       4.86368663E-05
   15.0000000       2.88355684       168060.969       6576.45752       1162607.25       1.12026555E-05   183708.281       9077.86230       1138376.12       1.22243555E-05
   13.0000000       1.04732597       183708.281       9077.86230       1138376.12       1.22243555E-05   188879.438      -97492.2031       1135083.38       2.02836454E-05
   13.0000000       1.04274583       188879.438      -97492.2031       1135083.38       2.02836454E-05   159439.188      -125439.766       1134156.12       2.34064009E-05
   13.0000000       1.04274583       159439.188      -125439.766       1134156.12       2.34064009E-05   138956.391      -138735.234       1129855.12       2.53133749E-05
   7.00000000      0.297301531       183708.281       9077.86230       1138376.12       1.22243555E-05   183708.281       9077.86230       1138376.12       1.22243555E-05
   7.00000000       2.42669034       183708.281       9077.86230       1138376.12       1.22243555E-05   183708.281       9077.86230       1138376.12       1.22243555E-05
   14.0000000       2.69365287       168060.969       6576.45752       1162607.25       1.12026555E-05   259205.734       8909.95020       1024122.06       1.71200027E-05
   14.0000000       2.58181834       259205.734       8909.95020       1024122.06       1.71200027E-05   260530.312       8903.89453       1022353.75       1.71991142E-05
   14.0000000       2.58015108       260530.312       8903.89453       1022353.75       1.71991142E-05   311273.375       6517.12158       958722.438       2.01203020E-05
   13.0000000       1.38005304       311273.375       6517.12158       958722.438       2.01203020E-05   599260.875      -19702.1270       726940.875       3.69978516E-05
   13.0000000       1.05291092       599260.875      -19702.1270       726940.875       3.69978516E-05   667490.812      -39256.2422       671579.000       4.36503578E-05
   14.0000000       1.46542084       311273.375       6517.12158       958722.438       2.01203020E-05   350053.438       18568.8516       832922.062       2.61216865E-05
   7.00000000      0.155760318       350053.438       18568.8516       832922.062       2.61216865E-05   350053.438       18568.8516       832922.062       2.61216865E-05
   9.00000000      0.469414055       113964.258       607.138672       1253531.38       7.65540062E-06   115911.953       136.389191       1251157.00       7.76396428E-06
   9.00000000       1.54581654       26671.6250       259.889435       1406249.38       1.77481877E-06   26683.8027       258.199066       1406214.00       1.77607149E-06
   13.0000000       4.11826277       26671.6250       259.889435       1406249.38       1.77481877E-06   69445.0469       1999.37585       1331371.00       4.72979582E-06
   9.00000000       1.18861341       69445.0469       1999.37585       1331371.00       4.72979582E-06   71297.4609       493.685608       1327755.75       4.87531452E-06
   14.0000000       2.56405091       69445.0469       1999.37585       1331371.00       4.72979582E-06   84508.2109       5053.42871       1309590.75       5.68561791E-06
   8.00000000      0.305673927       84508.2109       5053.42871       1309590.75       5.68561791E-06   84219.5156       4919.39062       1309280.88       5.70227621E-06
   13.0000000       1.23532593       84508.2109       5053.42871       1309590.75       5.68561791E-06   249562.797      -113222.609       1052667.50       2.25105778E-05
   13.0000000       1.06638920       249562.797      -113222.609       1052667.50       2.25105778E-05   249577.844      -113499.984       1050655.50       2.26538177E-05
   14.0000000       1.61836517       84508.2109       5053.42871       1309590.75       5.68561791E-06   391681.219       149512.312       1020576.00       2.54029546E-05
   13.0000000       1.04623258       391681.219       149512.312       1020576.00       2.54029546E-05   155237.203       263710.469       733549.125       5.49007200E-05
   13.0000000       1.08667958       391681.219       149512.312       1020576.00       2.54029546E-05   456083.250       162710.859       865854.375       3.65638261E-05
   13.0000000       1.08667958       456083.250       162710.859       865854.375       3.65638261E-05   499846.406       172237.391       754368.062       4.45404403E-05
   13.0000000       1.08667958       499846.406       172237.391       754368.062       4.45404403E-05   499723.156       176238.812       746939.688       4.51006708E-05
   7.00000000      0.799563527       26671.6250       259.889435       1406249.38       1.77481877E-06   26671.6250       259.889435       1406249.38       1.77481877E-06
   9.00000000      0.842183590       26671.6250       259.889435       1406249.38       1.77481877E-06   35226.5547       2286.37793       1402828.62       2.09392692E-06
   7.00000000       21.6437168       26671.6250       259.889435       1406249.38       1.77481877E-06   26671.6250       259.889435       1406249.38       1.77481877E-06
   8.00000000      0.343698353       0.00000000       0.00000000       1452288.50       0.00000000       874.738220      -351.983551       1451496.75       4.49476190E-08
   9.00000000      0.572606385       0.00000000       0.00000000       1452288.50       0.00000000       1572.82581      -265.437134       1451092.25       6.85764476E-08
   8.00000000      0.840678751       0.00000000       0.00000000       1452288.50       0.00000000       883.282471      -924.177856       1450383.25       7.76089024E-08
   9.00000000       1.62295938       0.00000000       0.00000000       1452288.50       0.00000000       6659.83691      -2602.30615       1441119.00       4.44025062E-07
   13.0000000       157.339783       0.00000000       0.00000000       1452288.50       0.00000000       56652.3906       432.837799       1354092.12       3.78160189E-06
   7.00000000      0.512999594       56652.3906       432.837799       1354092.12       3.78160189E-06   56652.3906       432.837799       1354092.12       3.78160189E-06
   13.0000000       2.48286343       56652.3906       432.837799       1354092.12       3.78160189E-06   295092.375      -17920.0918       976503.562       1.98879898E-05
   14.0000000       1.43617833       295092.375      -17920.0918       976503.562       1.98879898E-05   363899.812      -26283.7637       904031.188       2.44591010E-05
   7.00000000      0.825312436       56652.3906       432.837799       1354092.12       3.78160189E-06   56652.3906       432.837799       1354092.12       3.78160189E-06
   8.00000000       2.36070156       56652.3906       432.837799       1354092.12       3.78160189E-06   56676.4805       427.345337       1354049.12       3.78325808E-06
   7.00000000       5.11194468       56652.3906       432.837799       1354092.12       3.78160189E-06   56652.3906       432.837799       1354092.12       3.78160189E-06
   9.00000000       4.18883896       56652.3906       432.837799       1354092.12       3.78160189E-06   61581.6016      -119.412552       1342639.00       4.19815797E-06
   7.00000000       2.14715266       61581.6016      -119.412552       1342639.00       4.19815797E-06   61581.6016      -119.412552       1342639.00       4.19815797E-06
   7.00000000      0.255626440       61581.6016      -119.412552       1342639.00       4.19815797E-06   61581.6016      -119.412552       1342639.00       4.19815797E-06
   9.00000000      0.286651701       61581.6016      -119.412552       1342639.00       4.19815797E-06   65550.3359      -2368.78784       1342217.88       4.37332665E-06
   7.00000000      0.938720584       61581.6016      -119.412552       1342639.00       4.19815797E-06   61581.6016      -119.412552       1342639.00       4.19815797E-06
   7.00000000       21.0604382       56652.3906       432.837799       1354092.12       3.78160189E-06   56652.3906       432.837799       1354092.12       3.78160189E-06
   13.0000000       59.5223579       56652.3906       432.837799       1354092.12       3.78160189E-06   181413.031      -562.296570       1141711.12       1.19988672E-05
   7.00000000       2.57253027       181413.031      -562.296570       1141711.12       1.19988672E-05   181413.031      -562.296570       1141711.12       1.19988672E-05
   7.00000000      0.445986956       181413.031      -562.296570       1141711.12       1.19988672E-05   181413.031      -562.296570       1141711.12       1.19988672E-05
   7.00000000       1.07271457       181413.031      -562.296570       1141711.12       1.19988672E-05   181413.031      -562.296570       1141711.12       1.19988672E-05
   12.0000000       1.74978018       181413.031      -562.296570       1141711.12       1.19988672E-05   182370.469      -463.267181       1140141.75       1.20628765E-05
   7.00000000       13.3807344       181413.031      -562.296570       1141711.12       1.19988672E-05   181413.031      -562.296570       1141711.12       1.19988672E-05
   8.00000000       6.50415897       181413.031      -562.296570       1141711.12       1.19988672E-05   202926.594       336.424438       1105461.12       1.34055927E-05
   15.0000000       12.6687279       181413.031      -562.296570       1141711.12       1.19988672E-05   328002.594       20514.5254       908246.250       2.12469349E-05
   7.00000000      0.360011667       328002.594       20514.5254       908246.250       2.12469349E-05   328002.594       20514.5254       908246.250       2.12469349E-05
   9.00000000      0.475795060       328002.594       20514.5254       908246.250       2.12469349E-05   328066.562       20507.4043       908166.125       2.12505220E-05
   9.00000000      0.760442734       328002.594       20514.5254       908246.250       2.12469349E-05   328681.688       19918.4473       907499.250       2.12867199E-05
   8.00000000       10.1532679       328002.594       20514.5254       908246.250       2.12469349E-05   394848.031       46669.6484       792193.062       2.57991178E-05
   8.00000000       9.97964954       394848.031       46669.6484       792193.062       2.57991178E-05   416883.844       55265.9141       754180.625       2.72926554E-05
   13.0000000       1.22715974       328002.594       20514.5254       908246.250       2.12469349E-05   427405.531       31057.3770       819538.375       2.81770972E-05
   13.0000000       1.04252493       427405.531       31057.3770       819538.375       2.81770972E-05   481177.938       62721.6914       727206.812       3.67557259E-05
   13.0000000       1.04252493       481177.938       62721.6914       727206.812       3.67557259E-05   524702.438       40070.7070       688704.188       4.15568175E-05
   14.0000000       4.52504253       181413.031      -562.296570       1141711.12       1.19988672E-05   267636.250      -363.274475       991716.938       1.79016351E-05
   8.00000000       1.75255299       267636.250      -363.274475       991716.938       1.79016351E-05   279180.219      -3463.45239       973934.562       1.86186408E-05
   13.0000000       1.06887662       279180.219      -3463.45239       973934.562       1.86186408E-05   284742.812      -4288.06445       973582.125       1.90128321E-05
   9.00000000      0.415584028       279180.219      -3463.45239       973934.562       1.86186408E-05   279432.594      -964.206787       970188.812       1.87784462E-05
   7.00000000      0.186203316       279180.219      -3463.45239       973934.562       1.86186408E-05   279180.219      -3463.45239       973934.562       1.86186408E-05
   7.00000000      0.247385338       279180.219      -3463.45239       973934.562       1.86186408E-05   279180.219      -3463.45239       973934.562       1.86186408E-05
   13.0000000       2.16841769       267636.250      -363.274475       991716.938       1.79016351E-05   274514.875       1928.94849       975661.812       1.85536373E-05
   13.0000000       1.93889439       274514.875       1928.94849       975661.812       1.85536373E-05   284418.219       1658.48499       954363.812       1.94493568E-05
   13.0000000       1.18820274       284418.219       1658.48499       954363.812       1.94493568E-05   287942.312       3433.81641       942422.875       2.01346393E-05
   13.0000000       1.30982828       284418.219       1658.48499       954363.812       1.94493568E-05   328784.094      -25156.7305       836942.125       2.55943560E-05
   13.0000000       1.11788809       328784.094      -25156.7305       836942.125       2.55943560E-05   371591.406      -24346.1270       749007.312       3.16153273E-05
   9.00000000       1.23946798       181413.031      -562.296570       1141711.12       1.19988672E-05   182296.297      -1260.39038       1139301.38       1.20881559E-05
   13.0000000       1.31598651       181413.031      -562.296570       1141711.12       1.19988672E-05   362556.500      -230537.953       1027204.00       2.69741740E-05
   13.0000000       1.05607486       362556.500      -230537.953       1027204.00       2.69741740E-05   383017.062      -319572.719       1013455.56       3.37233396E-05
   13.0000000       1.05607486       383017.062      -319572.719       1013455.56       3.37233396E-05   401288.562      -476973.500       994768.875       4.53797511E-05
   14.0000000       15.1603928       181413.031      -562.296570       1141711.12       1.19988672E-05   208174.672       1187.47107       1092156.75       1.38819896E-05
   7.00000000       2.51609087       208174.672       1187.47107       1092156.75       1.38819896E-05   208174.672       1187.47107       1092156.75       1.38819896E-05
   13.0000000       1.43316662       208174.672       1187.47107       1092156.75       1.38819896E-05   226541.609      -47274.8281       1069533.38       1.63799541E-05
   14.0000000       10.9824362       208174.672       1187.47107       1092156.75       1.38819896E-05   294999.375       25951.8457       927855.750       2.01587318E-05
   14.0000000       10.8232641       294999.375       25951.8457       927855.750       2.01587318E-05   313830.375       31489.5156       892012.438       2.15270393E-05
   13.0000000       1.04964209       313830.375       31489.5156       892012.438       2.15270393E-05   266277.438      -53095.4375       819754.750       3.05793583E-05
   13.0000000       3.35255170       313830.375       31489.5156       892012.438       2.15270393E-05   353731.875       32785.9922       802368.000       2.49370314E-05
   13.0000000       1.05815768       353731.875       32785.9922       802368.000       2.49370314E-05   405398.031       37191.4141       734196.625       3.11481162E-05
   13.0000000       1.05591047       405398.031       37191.4141       734196.625       3.11481162E-05   444240.344       49771.0078       715647.125       3.44262080E-05
   13.0000000       1.05591047       444240.344       49771.0078       715647.125       3.44262080E-05   463394.562       54256.6992       707791.500       3.59746482E-05
   14.0000000       1.33545995       353731.875       32785.9922       802368.000       2.49370314E-05   368484.438       53950.5039       739487.812       2.82685542E-05
   13.0000000       1.12789321       368484.438       53950.5039       739487.812       2.82685542E-05   379570.938       79001.7969       660393.625       3.33153730E-05
   14.0000000       1.62662876       353731.875       32785.9922       802368.000       2.49370314E-05   388099.000       25795.5977       734133.750       2.81183111E-05
   14.0000000       1.53643584       388099.000       25795.5977       734133.750       2.81183111E-05   400171.125       27795.5938       709437.625       2.92877539E-05
   8.00000000       7.09412146       313830.375       31489.5156       892012.438       2.15270393E-05   331615.406       39637.1016       863502.812       2.26805914E-05
   8.00000000      0.834073007       208174.672       1187.47107       1092156.75       1.38819896E-05   208569.906       1407.31677       1091478.12       1.39095810E-05
   7.00000000      0.656842113       181413.031      -562.296570       1141711.12       1.19988672E-05   181413.031      -562.296570       1141711.12       1.19988672E-05
   7.00000000       1.60849571       56652.3906       432.837799       1354092.12       3.78160189E-06   56652.3906       432.837799       1354092.12       3.78160189E-06
   8.00000000      0.341699928       56652.3906       432.837799       1354092.12       3.78160189E-06   56646.8359       372.874603       1354014.38       3.78519599E-06
   7.00000000      0.492751896       56652.3906       432.837799       1354092.12       3.78160189E-06   56652.3906       432.837799       1354092.12       3.78160189E-06
   8.00000000      0.895583093       56652.3906       432.837799       1354092.12       3.78160189E-06   67037.0625       3464.42090       1347999.50       4.20090555E-06
   17.0000000       6.90252256       56652.3906       432.837799       1354092.12       3.78160189E-06   56652.3906       432.837799       1354092.12       3.78160189E-06
   7.00000000       1.55549622       56652.3906       432.837799       1354092.12       3.78160189E-06   56652.3906       432.837799       1354092.12       3.78160189E-06
   7.00000000       3.19007492       56652.3906       432.837799       1354092.12       3.78160189E-06   56652.3906       432.837799       1354092.12       3.78160189E-06
   7.00000000      0.248859763       186380.172      -10845.9102       1038123.50       1.51812137E-05   186380.172      -10845.9102       1038123.50       1.51812137E-05
   7.00000000       2.15695143       56652.3906       432.837799       1354092.12       3.78160189E-06   56652.3906       432.837799       1354092.12       3.78160189E-06
   9.00000000       4.42135811       56652.3906       432.837799       1354092.12       3.78160189E-06   66088.3672       2118.30859       1339653.12       4.35998891E-06
   7.00000000       21.8293362       56652.3906       432.837799       1354092.12       3.78160189E-06   56652.3906       432.837799       1354092.12       3.78160189E-06
   7.00000000       22.8833771       56652.3906       432.837799       1354092.12       3.78160189E-06   56652.3906       432.837799       1354092.12       3.78160189E-06
   7.00000000      0.417398065       401300.750      -981.189148       735423.062       2.74043468E-05   401300.750      -981.189148       735423.062       2.74043468E-05
   8.00000000       28.9245377       0.00000000       0.00000000       1452288.50       0.00000000       74870.7344       181.819550       1323790.25       4.96080293E-06
   8.00000000       28.8262272       74870.7344       181.819550       1323790.25       4.96080293E-06   100935.266       310.927765       1278607.88       6.70074223E-06
   8.00000000       8.50463390       0.00000000       0.00000000       1452288.50       0.00000000       6730.19336       162.794815       1441722.88       4.17948741E-07
